; Insteon
; see https://github.com/merbanan/rtl_433/pull/1285
; This should find
; xor_shift_bytes(&b[0], 9, 18, 00) ^ b[9] == 0; // (100.0%)
; i.e. an xor with <<4 and <<5
;
23 80 25 13 11 78 2B 11 04  42
23 80 25 13 11 78 2B 11 14  52
23 80 25 13 11 78 2B 11 24  62
23 80 25 13 11 78 2B 11 34  72
23 80 25 13 11 78 2B 11 44  02
23 80 25 13 11 78 2B 11 54  12
23 80 25 13 11 78 2B 11 64  22
23 80 25 13 11 78 2B 11 74  32
23 80 25 13 11 78 2B 11 84  C2
23 80 25 13 11 78 2B 11 94  D2
23 80 25 13 11 78 2B 11 A4  E2
23 80 25 13 11 78 2B 11 B4  F2
23 80 25 13 11 78 2B 11 C4  82
23 80 25 13 11 78 2B 11 D4  92
23 80 25 13 11 78 2B 11 E4  A2
23 80 25 13 11 78 2B 11 F4  B2
03 64 78 24 80 25 13 19 00  14
07 E5 3F 16 80 25 13 19 00  B4
0B 69 54 17 80 25 13 19 00  CE
23 80 25 13 F4 50 17 13 00  C5
27 80 25 13 E5 3F 16 02 51  0E
42 E5 3F 16 11 0D 27 11 01  45
47 D2 6C 16 11 0D 27 11 01  84
4B E5 3F 16 11 0D 27 11 01  FC
61 11 0D 27 69 54 17 13 02  61
C3 9B FF 2A 01 00 00 13 01  DE
C7 69 54 17 01 00 00 11 00  9D
CB 11 0D 27 02 00 00 13 00  21
